Time	qe0	qex	qey	qez	wex	wex	wey	wez	sang	Sx	Sy	Sz
0.900000	0.577253	0.567190	0.010131	0.587343	0.000267	0.034928	-0.000088	32.701391	2.144393e-006	6.289853e-004	-1.767486e-007
1.900000	0.576900	0.556986	0.020367	0.597108	0.000645	0.034847	-0.000169	32.514181	4.009804e-006	6.275384e-004	-1.594919e-006
2.900000	0.576290	0.546747	0.030709	0.606642	0.001031	0.034766	-0.000255	32.326948	5.909998e-006	6.260967e-004	-3.108110e-006
3.900000	0.575428	0.536477	0.041161	0.615938	0.001422	0.034685	-0.000346	32.139706	7.841913e-006	6.246589e-004	-4.717270e-006
4.900000	0.574318	0.526182	0.051724	0.624992	0.001819	0.034604	-0.000442	31.952471	9.802473e-006	6.232239e-004	-6.423173e-006
5.900000	0.572963	0.515867	0.062399	0.633799	0.002222	0.034523	-0.000544	31.765256	1.178860e-005	6.217906e-004	-8.226422e-006
6.900000	0.571369	0.505535	0.073188	0.642352	0.002628	0.034442	-0.000651	31.578076	1.379720e-005	6.203578e-004	-1.012745e-005
7.900000	0.569538	0.495191	0.084090	0.650646	0.003039	0.034361	-0.000764	31.390947	1.582521e-005	6.189243e-004	-1.212652e-005
8.900000	0.567478	0.484838	0.095108	0.658677	0.003452	0.034280	-0.000882	31.203883	1.786955e-005	6.174889e-004	-1.422372e-005
9.900000	0.565191	0.474480	0.106239	0.666438	0.003868	0.034199	-0.001006	31.016901	1.992715e-005	6.160503e-004	-1.641900e-005
10.900000	0.562685	0.464120	0.117485	0.673925	0.004286	0.034118	-0.001135	30.830017	2.199499e-005	6.146073e-004	-1.871211e-005
11.900000	0.559964	0.453760	0.128846	0.681132	0.004706	0.034036	-0.001269	30.643247	2.407004e-005	6.131586e-004	-2.110265e-005
12.900000	0.557035	0.443402	0.140319	0.688053	0.005126	0.033954	-0.001409	30.456608	2.614930e-005	6.117029e-004	-2.359009e-005
13.900000	0.553903	0.433049	0.151903	0.694684	0.005546	0.033871	-0.001554	30.270116	2.822982e-005	6.102390e-004	-2.617371e-005
14.900000	0.550574	0.422702	0.163598	0.701019	0.005966	0.033788	-0.001704	30.083789	3.030865e-005	6.087655e-004	-2.885265e-005
15.900000	0.547054	0.412362	0.175401	0.707053	0.006384	0.033704	-0.001859	29.897644	3.238292e-005	6.072813e-004	-3.162591e-005
16.900000	0.543350	0.402031	0.187310	0.712781	0.006802	0.033619	-0.002020	29.711699	3.444977e-005	6.057850e-004	-3.449234e-005
17.900000	0.539468	0.391709	0.199321	0.718199	0.007217	0.033534	-0.002185	29.525973	3.650641e-005	6.042754e-004	-3.745064e-005
18.900000	0.535414	0.381397	0.211432	0.723301	0.007629	0.033448	-0.002356	29.340482	3.855006e-005	6.027512e-004	-4.049940e-005
19.900000	0.531196	0.371096	0.223639	0.728083	0.008038	0.033361	-0.002531	29.155247	4.057805e-005	6.012113e-004	-4.363706e-005
20.900000	0.526820	0.360805	0.235937	0.732540	0.008443	0.033273	-0.002712	28.970284	4.258771e-005	5.996544e-004	-4.686193e-005
21.900000	0.522292	0.350524	0.248323	0.736668	0.008845	0.033184	-0.002897	28.785614	4.457647e-005	5.980794e-004	-5.017223e-005
22.900000	0.517619	0.340253	0.260792	0.740464	0.009241	0.033094	-0.003086	28.601254	4.654180e-005	5.964850e-004	-5.356604e-005
23.900000	0.512808	0.329991	0.273338	0.743923	0.009632	0.033003	-0.003280	28.417224	4.848125e-005	5.948703e-004	-5.704133e-005
24.900000	0.507865	0.319737	0.285956	0.747041	0.010017	0.032910	-0.003479	28.233544	5.039241e-005	5.932340e-004	-6.059599e-005
25.900000	0.502798	0.309491	0.298639	0.749816	0.010396	0.032816	-0.003681	28.050232	5.227298e-005	5.915751e-004	-6.422778e-005
26.900000	0.497613	0.299252	0.311382	0.752244	0.010769	0.032721	-0.003888	27.867308	5.412069e-005	5.898926e-004	-6.793440e-005
27.900000	0.492316	0.289018	0.324178	0.754322	0.011134	0.032625	-0.004098	27.684791	5.593338e-005	5.881856e-004	-7.171345e-005
28.900000	0.486915	0.278789	0.337019	0.756048	0.011492	0.032527	-0.004313	27.502701	5.770896e-005	5.864532e-004	-7.556246e-005
29.900000	0.481416	0.268562	0.349899	0.757419	0.011842	0.032428	-0.004531	27.321056	5.944539e-005	5.846943e-004	-7.947887e-005
30.900000	0.475826	0.258336	0.362808	0.758434	0.012184	0.032327	-0.004753	27.139876	6.114074e-005	5.829083e-004	-8.346006e-005
31.900000	0.470150	0.248111	0.375741	0.759091	0.012517	0.032225	-0.004978	26.959180	6.279316e-005	5.810943e-004	-8.750337e-005
32.900000	0.464396	0.237883	0.388687	0.759388	0.012841	0.032120	-0.005206	26.778988	6.440086e-005	5.792516e-004	-9.160606e-005
33.900000	0.458569	0.227652	0.401639	0.759325	0.013155	0.032015	-0.005438	26.599318	6.596217e-005	5.773795e-004	-9.576535e-005
34.900000	0.452676	0.217416	0.414587	0.758902	0.013460	0.031908	-0.005672	26.420189	6.747547e-005	5.754775e-004	-9.997842e-005
35.900000	0.446723	0.207173	0.427523	0.758117	0.013756	0.031799	-0.005909	26.241619	6.893924e-005	5.735449e-004	-1.042424e-004
36.900000	0.440716	0.196922	0.440437	0.756971	0.014040	0.031688	-0.006149	26.063628	7.035206e-005	5.715812e-004	-1.085545e-004
37.900000	0.434661	0.186661	0.453320	0.755466	0.014315	0.031575	-0.006391	25.886232	7.171259e-005	5.695860e-004	-1.129116e-004
38.900000	0.428563	0.176388	0.466162	0.753601	0.014578	0.031461	-0.006636	25.709451	7.301957e-005	5.675589e-004	-1.173110e-004
39.900000	0.422428	0.166101	0.478953	0.751378	0.014831	0.031345	-0.006882	25.533301	7.427183e-005	5.654997e-004	-1.217496e-004
40.900000	0.416262	0.155799	0.491682	0.748800	0.015072	0.031227	-0.007131	25.357800	7.546830e-005	5.634079e-004	-1.262244e-004
41.900000	0.410069	0.145481	0.504341	0.745867	0.015302	0.031107	-0.007381	25.182965	7.660800e-005	5.612835e-004	-1.307326e-004
42.900000	0.403856	0.135145	0.516919	0.742584	0.015521	0.030986	-0.007633	25.008812	7.769002e-005	5.591262e-004	-1.352712e-004
43.900000	0.397626	0.124789	0.529406	0.738952	0.015728	0.030863	-0.007887	24.835357	7.871356e-005	5.569360e-004	-1.398372e-004
44.900000	0.391386	0.114413	0.541791	0.734976	0.015923	0.030738	-0.008141	24.662617	7.967790e-005	5.547128e-004	-1.444276e-004
45.900000	0.385138	0.104015	0.554064	0.730659	0.016106	0.030611	-0.008397	24.490607	8.058240e-005	5.524567e-004	-1.490395e-004
46.900000	0.378889	0.093594	0.566215	0.726005	0.016277	0.030482	-0.008654	24.319341	8.142653e-005	5.501679e-004	-1.536700e-004
47.900000	0.372642	0.083148	0.578234	0.721020	0.016435	0.030351	-0.008912	24.148834	8.220983e-005	5.478463e-004	-1.583162e-004
48.900000	0.366401	0.072677	0.590111	0.715708	0.016582	0.030219	-0.009170	23.979099	8.293193e-005	5.454923e-004	-1.629752e-004
49.900000	0.360170	0.062181	0.601835	0.710074	0.016716	0.030085	-0.009429	23.810152	8.359255e-005	5.431060e-004	-1.676441e-004
50.900000	0.353953	0.051657	0.613397	0.704125	0.016838	0.029949	-0.009688	23.642003	8.419150e-005	5.406879e-004	-1.723202e-004
51.900000	0.347754	0.041107	0.624787	0.697867	0.016947	0.029812	-0.009947	23.474667	8.472864e-005	5.382383e-004	-1.770006e-004
52.900000	0.341575	0.030528	0.635995	0.691306	0.017044	0.029672	-0.010207	23.308154	8.520397e-005	5.357576e-004	-1.816826e-004
53.900000	0.335421	0.019922	0.647012	0.684449	0.017129	0.029531	-0.010466	23.142477	8.561752e-005	5.332463e-004	-1.863634e-004
54.900000	0.329293	0.009287	0.657829	0.677304	0.017202	0.029389	-0.010725	22.977646	8.596942e-005	5.307049e-004	-1.910403e-004
55.900000	0.323194	-0.001377	0.668436	0.669878	0.017262	0.029245	-0.010983	22.813671	8.625989e-005	5.281341e-004	-1.957108e-004
56.900000	0.317128	-0.012069	0.678825	0.662178	0.017310	0.029099	-0.011241	22.650563	8.648921e-005	5.255344e-004	-2.003722e-004
57.900000	0.311097	-0.022789	0.688987	0.654214	0.017346	0.028952	-0.011499	22.488330	8.665774e-005	5.229067e-004	-2.050219e-004
58.900000	0.305101	-0.033538	0.698914	0.645993	0.017370	0.028803	-0.011755	22.326981	8.676592e-005	5.202514e-004	-2.096575e-004
59.900000	0.299144	-0.044314	0.708599	0.637524	0.017381	0.028653	-0.012011	22.166525	8.681426e-005	5.175696e-004	-2.142765e-004
60.900000	0.293228	-0.055118	0.718032	0.628816	0.017381	0.028501	-0.012265	22.006968	8.680333e-005	5.148620e-004	-2.188765e-004
61.900000	0.287353	-0.065948	0.727207	0.619878	0.017370	0.028348	-0.012518	21.848319	8.673378e-005	5.121294e-004	-2.234550e-004
62.900000	0.281520	-0.076803	0.736117	0.610720	0.017347	0.028194	-0.012770	21.690584	8.660632e-005	5.093729e-004	-2.280099e-004
63.900000	0.275732	-0.087684	0.744755	0.601351	0.017312	0.028038	-0.013021	21.533768	8.642174e-005	5.065932e-004	-2.325388e-004
64.900000	0.269989	-0.098589	0.753115	0.591780	0.017266	0.027881	-0.013269	21.377877	8.618087e-005	5.037916e-004	-2.370396e-004
65.900000	0.264291	-0.109517	0.761191	0.582017	0.017210	0.027724	-0.013516	21.222917	8.588462e-005	5.009689e-004	-2.415101e-004
66.900000	0.258639	-0.120466	0.768977	0.572073	0.017142	0.027565	-0.013762	21.068891	8.553394e-005	4.981263e-004	-2.459482e-004
67.900000	0.253034	-0.131435	0.776468	0.561957	0.017064	0.027405	-0.014005	20.915804	8.512985e-005	4.952649e-004	-2.503520e-004
68.900000	0.247475	-0.142424	0.783659	0.551679	0.016975	0.027244	-0.014246	20.763659	8.467342e-005	4.923858e-004	-2.547194e-004
69.900000	0.241963	-0.153429	0.790546	0.541250	0.016876	0.027082	-0.014485	20.612460	8.416578e-005	4.894902e-004	-2.590485e-004
70.900000	0.236497	-0.164450	0.797123	0.530679	0.016767	0.026920	-0.014722	20.462209	8.360810e-005	4.865794e-004	-2.633376e-004
71.900000	0.231076	-0.175485	0.803389	0.519976	0.016649	0.026756	-0.014957	20.312908	8.300159e-005	4.836545e-004	-2.675848e-004
72.900000	0.225701	-0.186532	0.809338	0.509152	0.016521	0.026592	-0.015189	20.164558	8.234752e-005	4.807169e-004	-2.717884e-004
73.900000	0.220371	-0.197589	0.814969	0.498217	0.016383	0.026428	-0.015418	20.017163	8.164720e-005	4.777678e-004	-2.759469e-004
74.900000	0.215084	-0.208654	0.820279	0.487181	0.016237	0.026263	-0.015645	19.870721	8.090198e-005	4.748086e-004	-2.800586e-004
75.900000	0.209840	-0.219724	0.825265	0.476053	0.016082	0.026097	-0.015869	19.725235	8.011325e-005	4.718406e-004	-2.841221e-004
76.900000	0.204637	-0.230799	0.829925	0.464844	0.015919	0.025931	-0.016090	19.580705	7.928242e-005	4.688652e-004	-2.881359e-004
77.900000	0.199474	-0.241874	0.834259	0.453563	0.015748	0.025765	-0.016309	19.437129	7.841095e-005	4.658837e-004	-2.920986e-004
78.900000	0.194350	-0.252949	0.838264	0.442220	0.015569	0.025599	-0.016525	19.294509	7.750033e-005	4.628976e-004	-2.960090e-004
79.900000	0.189263	-0.264020	0.841940	0.430825	0.015382	0.025432	-0.016737	19.152843	7.655207e-005	4.599083e-004	-2.998659e-004
80.900000	0.184211	-0.275086	0.845287	0.419386	0.015189	0.025266	-0.016947	19.012131	7.556772e-005	4.569172e-004	-3.036681e-004
81.900000	0.179193	-0.286143	0.848304	0.407913	0.014988	0.025099	-0.017153	18.872372	7.454884e-005	4.539256e-004	-3.074146e-004
82.900000	0.174207	-0.297189	0.850992	0.396414	0.014781	0.024933	-0.017356	18.733563	7.349703e-005	4.509351e-004	-3.111044e-004
83.900000	0.169250	-0.308221	0.853350	0.384899	0.014568	0.024767	-0.017557	18.595705	7.241388e-005	4.479471e-004	-3.147365e-004
84.900000	0.164322	-0.319237	0.855381	0.373375	0.014349	0.024601	-0.017753	18.458794	7.130103e-005	4.449630e-004	-3.183102e-004
85.900000	0.159419	-0.330234	0.857085	0.361852	0.014124	0.024435	-0.017947	18.322830	7.016011e-005	4.419842e-004	-3.218246e-004
86.900000	0.154539	-0.341209	0.858463	0.350337	0.013894	0.024270	-0.018137	18.187809	6.899277e-005	4.390121e-004	-3.252791e-004
87.900000	0.149681	-0.352158	0.859517	0.338838	0.013659	0.024105	-0.018324	18.053730	6.780068e-005	4.360483e-004	-3.286731e-004
88.900000	0.144841	-0.363081	0.860248	0.327363	0.013420	0.023941	-0.018507	17.920591	6.658551e-005	4.330939e-004	-3.320061e-004
89.900000	0.140019	-0.373972	0.860660	0.315918	0.013176	0.023778	-0.018687	17.788388	6.534894e-005	4.301506e-004	-3.352776e-004
90.900000	0.135210	-0.384830	0.860754	0.304511	0.012928	0.023615	-0.018864	17.657120	6.409264e-005	4.272195e-004	-3.384872e-004
91.900000	0.130414	-0.395651	0.860533	0.293148	0.012677	0.023453	-0.019037	17.526784	6.281830e-005	4.243021e-004	-3.416346e-004
92.900000	0.125627	-0.406433	0.859999	0.281837	0.012423	0.023292	-0.019207	17.397377	6.152760e-005	4.213996e-004	-3.447197e-004
93.900000	0.120848	-0.417172	0.859156	0.270582	0.012166	0.023132	-0.019373	17.268897	6.022222e-005	4.185134e-004	-3.477422e-004
94.900000	0.116073	-0.427865	0.858007	0.259390	0.011906	0.022972	-0.019536	17.141341	5.890384e-005	4.156447e-004	-3.507020e-004
95.900000	0.111301	-0.438509	0.856555	0.248266	0.011644	0.022814	-0.019695	17.014705	5.757412e-005	4.127948e-004	-3.535992e-004
96.900000	0.106529	-0.449102	0.854803	0.237216	0.011380	0.022658	-0.019851	16.888989	5.623473e-005	4.099648e-004	-3.564338e-004
97.900000	0.101756	-0.459639	0.852755	0.226244	0.011114	0.022502	-0.020003	16.764187	5.488731e-005	4.071558e-004	-3.592059e-004
98.900000	0.096978	-0.470118	0.850415	0.215356	0.010848	0.022347	-0.020152	16.640299	5.353350e-005	4.043691e-004	-3.619158e-004
99.900000	0.092193	-0.480536	0.847787	0.204555	0.010580	0.022194	-0.020297	16.517321	5.217494e-005	4.016057e-004	-3.645637e-004
100.900000	0.087400	-0.490890	0.844874	0.193845	0.010312	0.022043	-0.020439	16.395250	5.081322e-005	3.988665e-004	-3.671500e-004
